[gd_scene load_steps=7 format=2]

[ext_resource path="res://Camera.gd" type="Script" id=1]
[ext_resource path="res://Control.gd" type="Script" id=3]
[ext_resource path="res://menu.tscn" type="PackedScene" id=4]

[sub_resource type="BoxShape" id=3]

[sub_resource type="CanvasItemMaterial" id=4]
render_priority = 1
blend_mode = 1
light_mode = 2

[sub_resource type="SpatialMaterial" id=5]
flags_transparent = true
vertex_color_use_as_albedo = true
albedo_color = Color( 0.443137, 0.443137, 0.443137, 1 )

[node name="map" type="Spatial"]

[node name="sun" type="DirectionalLight" parent="."]
transform = Transform( -0.871155, 0.116856, -0.4769, -0.242058, 0.742833, 0.624186, 0.427197, 0.6592, -0.618836, -0.281227, 7.52516, 0 )
shadow_enabled = true

[node name="player" type="KinematicBody" parent="."]

[node name="CollisionShape" type="CollisionShape" parent="player"]
transform = Transform( -0.136546, 0, -0.990634, 0, 1, 0, 0.990634, 0, -0.136546, 3.45663, -0.121346, -0.0534407 )
shape = SubResource( 3 )

[node name="Camera" type="Camera" parent="."]
transform = Transform( 0.999173, -0.018421, 0.0362436, 0.0215233, 0.995962, -0.0871557, -0.0344918, 0.0878638, 0.995535, -3.99147, 4.22768, 0 )
current = true
far = 300.0
script = ExtResource( 1 )

[node name="Control" type="Control" parent="Camera"]
anchor_right = 1.0
anchor_bottom = 1.0
script = ExtResource( 3 )

[node name="Label" type="Label" parent="Camera/Control"]
margin_right = 40.0
margin_bottom = 14.0

[node name="crosshair" type="ColorRect" parent="Camera/Control"]
material = SubResource( 4 )
anchor_left = 0.5
anchor_top = 0.5
anchor_right = 0.5
anchor_bottom = 0.5
margin_left = -4.0
margin_top = -4.0
margin_right = 4.0
margin_bottom = 4.0
color = Color( 0.231373, 0.784314, 0.317647, 0.423529 )

[node name="menu" parent="Camera" instance=ExtResource( 4 )]

[node name="RayCast" type="RayCast" parent="Camera"]
transform = Transform( -1, 0, -8.74228e-08, 0, 1, 0, 8.74228e-08, 0, -1, 0, 0, -0.850748 )
enabled = true
cast_to = Vector3( 0, 0, 30 )
collide_with_areas = true

[node name="polygon" type="CSGPolygon" parent="Camera/RayCast"]
transform = Transform( -4.37114e-08, 0, 1, 0, 1, 0, -1, 0, -4.37114e-08, 0.0717573, -0.059433, 0.110109 )
visible = false
polygon = PoolVector2Array( 0, 0, 0, 0.14, 0.14, 0.14, 0.14, 0 )
depth = 0.14
smooth_faces = true

[node name="timer" type="Timer" parent="Camera"]
one_shot = true

[node name="timer2" type="Timer" parent="Camera"]
one_shot = true

[node name="timer" type="Timer" parent="Camera/timer2"]
one_shot = true

[node name="timer2" type="Timer" parent="Camera/timer2"]
one_shot = true

[node name="ground" type="CSGBox" parent="."]
transform = Transform( 1, 0, 0, 0, 1, 0, 0, 0, 1, 0, 0.0137517, 0 )
use_collision = true
width = 125.0
height = 0.344224
depth = 125.0
material = SubResource( 5 )

[node name="cube" type="CSGBox" parent="."]
transform = Transform( 1, 0, 0, 0, 1, 0, 0, 0, 1, 0, 1.38863, 0 )
use_collision = true
width = 2.84179
height = 3.79044
depth = 4.75163
